0.000 38.498 19.764
9.882 38.498 17.116
17.116 38.498 9.882
19.764 38.498 0.000
17.116 38.498 -9.882
9.882 38.498 -17.116
0.000 38.498 -19.764
-9.882 38.498 -17.116
-17.116 38.498 -9.882
-19.764 38.498 -0.000
-17.116 38.498 9.882
-9.882 38.498 17.116
6.896 34.101 25.735
18.840 34.101 18.839
25.735 34.101 6.895
25.735 34.101 -6.896
18.839 34.101 -18.840
6.895 34.101 -25.735
-6.896 34.101 -25.735
-18.840 34.101 -18.839
-25.735 34.101 -6.895
-25.735 34.101 6.896
-18.839 34.101 18.840
-6.895 34.101 25.735
0.000 -38.498 19.764
9.882 -38.498 17.116
17.116 -38.498 9.882
19.764 -38.498 0.000
17.116 -38.498 -9.882
9.882 -38.498 -17.116
0.000 -38.498 -19.764
-9.882 -38.498 -17.116
-17.116 -38.498 -9.882
-19.764 -38.498 -0.000
-17.116 -38.498 9.882
-9.882 -38.498 17.116
6.896 -34.101 25.735
18.840 -34.101 18.839
25.735 -34.101 6.895
25.735 -34.101 -6.896
18.839 -34.101 -18.840
6.895 -34.101 -25.735
-6.896 -34.101 -25.735
-18.840 -34.101 -18.839
-25.735 -34.101 -6.895
-25.735 -34.101 6.896
-18.839 -34.101 18.840
-6.895 -34.101 25.735
